
project_ =[0.80367, 0.00, 0.00, 0.00;0.00, 1.39013, 0.00, 0.00;0.00, 0.00, -1.00039, -1.00;0.00, 0.00, -0.10004, 0.00];


view_ = [0.66913, 0.07768, 0.73907, 0.00;3.72529E-09, 0.99452, -0.10453, 0.00;-0.74314, 0.06994, 0.66547, 0.00;-8.02046, -0.18962, -0.30593, 1.00];

project = project_';
view = view_';


view(1,4) = 0.0;
view(2,4) = 0.0;
view(3,4) = 0.0;
view(4,4) = 1.0;



vec = [-1.0,-1.0,-1.0,1.0]';

project*view*vec
